clk_test	chenillard_TOP/timer_28b/done_o	chenillard_TOP/enable_i	led_o	chenillard_TOP/right_nleft_i	chenillard_TOP/speed_i	load_i	nReset_i	sysclk	
clk:clk_test:1:Hz
0	0	1	00000000	0	00	0	1	0	
0	0	1	00000000	0	00	0	1	0	
0	0	1	00000000	0	00	0	1	1	
1	0	1	00010100	0	00	1	1	0	
1	0	1	00010100	0	00	0	1	1	
0	0	1	00010100	0	00	0	1	0	
0	0	1	00010100	0	00	0	1	1	
1	0	1	00010100	0	00	0	1	0	
1	0	1	00010100	0	00	0	1	1	
0	0	1	00010100	0	00	0	1	0	
0	0	1	00010100	0	00	0	1	1	
1	1	1	00010100	0	00	0	1	0	
1	1	1	00010100	0	00	0	1	1	
0	1	1	00010100	0	00	0	1	0	
0	1	1	00010100	0	00	0	1	1	
1	0	1	00101000	0	00	0	1	0	
1	0	1	00101000	0	00	0	1	1	
0	0	1	00101000	0	00	0	1	0	
0	0	1	00101000	0	00	0	1	1	
1	0	1	00101000	0	00	0	1	0	
1	0	1	00101000	0	00	0	1	1	
0	0	1	00101000	0	00	0	1	0	
0	0	1	00101000	0	00	0	1	1	
1	1	1	00101000	0	00	0	1	0	
1	1	1	00101000	0	00	0	1	1	
0	1	1	00101000	0	00	0	1	0	
0	1	1	00101000	0	00	0	1	1	
1	0	1	01010000	0	00	0	1	0	
1	0	1	01010000	0	00	0	1	1	
0	0	1	01010000	0	00	0	1	0	
0	0	1	01010000	1	00	0	1	1	
1	0	1	01010000	1	00	0	1	0	
1	0	1	01010000	1	00	0	1	1	
0	0	1	01010000	1	00	0	1	0	
0	0	1	01010000	1	00	0	1	1	
1	1	1	01010000	1	00	0	1	0	
1	1	1	01010000	1	00	0	1	1	
0	1	1	01010000	1	00	0	1	0	
0	1	1	01010000	1	00	0	1	1	
1	0	1	00101000	1	00	0	1	0	
1	0	1	00101000	1	00	0	1	1	
0	0	1	00101000	1	00	0	1	0	
0	0	1	00101000	1	00	0	1	1	
1	0	1	00101000	1	00	0	1	0	
1	0	1	00101000	1	00	0	1	1	
0	0	1	00101000	1	00	0	1	0	
0	0	1	00101000	1	00	0	1	1	
1	1	1	00101000	1	00	0	1	0	
1	1	1	00101000	1	00	0	1	1	
0	1	1	00101000	1	00	0	1	0	
0	1	1	00101000	1	00	0	1	1	
1	0	1	00010100	1	00	0	1	0	
1	0	1	00010100	1	00	0	1	1	
0	0	1	00010100	1	00	0	1	0	
0	0	0	00010100	1	00	0	1	1	
1	0	0	00010100	1	00	0	1	0	
1	0	0	00010100	1	00	0	1	1	
0	0	0	00010100	1	00	0	1	0	
0	0	0	00010100	1	00	0	1	1	
1	0	0	00010100	1	00	0	1	0	
1	0	0	00010100	1	00	0	1	1	
0	0	0	00010100	1	00	0	1	0	
0	0	0	00010100	1	00	0	1	1	
1	0	0	00010100	1	00	0	1	0	
1	0	0	00010100	1	00	0	1	1	
0	0	0	00010100	1	00	0	1	0	
0	0	0	00010100	1	00	0	1	1	
1	0	0	00010100	1	00	0	1	0	
1	0	0	00010100	1	00	0	1	1	
0	0	0	00010100	1	00	0	1	0	
0	0	0	00010100	1	00	0	1	1	
1	0	0	00010100	1	00	0	1	0	
1	0	1	00010100	1	00	0	1	1	
0	0	1	00010100	1	00	0	1	0	
0	0	1	00010100	1	00	0	1	1	
1	0	1	00010100	1	00	0	1	0	
1	0	1	00010100	1	00	0	1	1	
0	0	1	00010100	1	00	0	1	0	
0	0	1	00010100	1	00	0	1	1	
1	1	1	00010100	1	00	0	1	0	
1	1	1	00010100	1	00	0	1	1	
0	1	1	00010100	1	00	0	1	0	
0	1	1	00010100	1	00	0	1	1	
1	0	1	00001010	1	00	0	1	0	
1	0	1	00001010	1	00	0	1	1	
0	0	1	00001010	1	01	0	1	0	
0	0	1	00001010	1	01	0	1	1	
1	0	1	00001010	1	01	0	1	0	
1	0	1	00001010	1	01	0	1	1	
0	0	1	00001010	1	01	0	1	0	
0	0	1	00001010	1	01	0	1	1	
1	1	1	00001010	1	01	0	1	0	
1	1	1	00001010	1	01	0	1	1	
0	1	1	00001010	1	01	0	1	0	
0	1	1	00001010	1	01	0	1	1	
1	0	1	00000101	1	01	0	1	0	
1	0	1	00000101	1	01	0	1	1	
0	0	1	00000101	1	01	0	1	0	
0	0	1	00000101	1	01	0	1	1	
1	0	1	00000101	1	01	0	1	0	
1	0	1	00000101	1	01	0	1	1	
0	0	1	00000101	1	01	0	1	0	
0	0	1	00000101	1	01	0	1	1	
1	0	1	00000101	1	01	0	1	0	
1	0	1	00000101	1	01	0	1	1	
0	0	1	00000101	1	01	0	1	0	
0	0	1	00000101	1	01	0	1	1	
1	0	1	00000101	1	01	0	1	0	
1	0	1	00000101	1	01	0	1	1	
0	0	1	00000101	1	01	0	1	0	
0	0	1	00000101	1	01	0	1	1	
1	1	1	00000101	1	01	0	1	0	
1	1	1	00000101	1	01	0	1	1	
0	1	1	00000101	1	01	0	1	0	
0	1	1	00000101	1	01	0	1	1	
1	0	1	10000010	1	01	0	1	0	
1	0	1	10000010	1	01	0	1	1	
0	0	1	10000010	1	01	0	1	0	
0	0	1	10000010	1	01	0	1	1	
1	0	1	10000010	1	01	0	1	0	
1	0	1	10000010	1	01	0	1	1	
0	0	1	10000010	1	01	0	1	0	
0	0	1	10000010	1	01	0	1	1	
1	0	1	10000010	1	01	0	1	0	
1	0	1	10000010	1	01	0	1	1	
0	0	1	10000010	1	01	0	1	0	
0	0	1	10000010	1	01	0	1	1	
1	0	1	10000010	1	01	0	1	0	
1	0	1	10000010	1	01	0	1	1	
0	0	1	10000010	1	01	0	1	0	
0	0	1	10000010	1	01	0	1	1	
1	1	1	10000010	1	01	0	1	0	
1	1	1	10000010	1	01	0	1	1	
0	1	1	10000010	1	01	0	1	0	
0	1	1	10000010	1	01	0	1	1	
1	0	1	01000001	1	01	0	1	0	
1	0	1	01000001	1	01	0	1	1	
0	0	1	01000001	1	11	0	1	0	
0	0	1	01000001	1	11	0	1	1	
1	0	1	01000001	1	11	0	1	0	
1	0	1	01000001	1	11	0	1	1	
0	0	1	01000001	1	11	0	1	0	
0	0	1	01000001	1	11	0	1	1	
1	0	1	01000001	1	11	0	1	0	
1	0	1	01000001	1	11	0	1	1	
0	0	1	01000001	1	11	0	1	0	
0	0	1	01000001	1	11	0	1	1	
1	0	1	01000001	1	11	0	1	0	
1	0	1	01000001	1	11	0	1	1	
0	0	1	01000001	1	11	0	1	0	
0	0	1	01000001	1	11	0	1	1	
1	1	1	01000001	1	11	0	1	0	
1	1	1	01000001	1	11	0	1	1	
0	1	1	01000001	1	11	0	1	0	
0	1	1	01000001	1	11	0	1	1	
1	0	1	10100000	1	11	0	1	0	
1	0	1	10100000	1	11	0	1	1	
0	0	1	10100000	1	11	0	1	0	
0	0	1	10100000	1	11	0	1	1	
1	0	1	10100000	1	11	0	1	0	
1	0	1	10100000	1	11	0	1	1	
0	0	1	10100000	1	11	0	1	0	
0	0	1	10100000	1	11	0	1	1	
1	0	1	10100000	1	11	0	1	0	
1	0	1	10100000	1	11	0	1	1	
0	0	1	10100000	1	11	0	1	0	
0	0	1	10100000	1	11	0	1	1	
1	0	1	10100000	1	11	0	1	0	
1	0	1	10100000	1	11	0	1	1	
0	0	1	10100000	1	11	0	1	0	
0	0	1	10100000	1	11	0	1	1	
1	0	1	10100000	1	11	0	1	0	
1	0	1	10100000	1	11	0	1	1	
0	0	1	10100000	1	11	0	1	0	
0	0	1	10100000	1	11	0	1	1	
1	0	1	10100000	1	11	0	1	0	
1	0	1	10100000	1	11	0	1	1	
0	0	1	10100000	1	11	0	1	0	
0	0	1	10100000	1	11	0	1	1	
1	0	1	10100000	1	11	0	1	0	
1	0	1	10100000	1	11	0	1	1	
0	0	1	10100000	1	11	0	1	0	
0	0	1	10100000	1	11	0	1	1	
1	0	1	10100000	1	11	0	1	0	
1	0	1	10100000	1	11	0	1	1	
0	0	1	10100000	1	11	0	1	0	
0	0	1	10100000	1	11	0	1	1	
1	1	1	10100000	1	11	0	1	0	
1	1	1	10100000	1	11	0	1	1	
0	1	1	10100000	1	11	0	1	0	
0	1	1	10100000	1	11	0	1	1	
1	0	1	01010000	1	11	0	1	0	
1	0	1	01010000	1	11	0	1	1	
0	0	1	01010000	1	11	0	1	0	
0	0	1	01010000	1	11	0	1	1	
1	0	1	01010000	1	11	0	1	0	
1	0	1	01010000	1	11	0	1	1	
0	0	1	01010000	1	11	0	1	0	
0	0	1	01010000	1	11	0	1	1	
1	0	1	01010000	1	11	0	1	0	
1	0	1	01010000	1	11	0	1	1	
0	0	1	01010000	1	11	0	1	0	
0	0	1	01010000	1	11	0	1	1	
1	0	1	01010000	1	11	0	1	0	
1	0	1	01010000	1	11	0	1	1	
0	0	1	01010000	1	11	0	1	0	
0	0	1	01010000	1	11	0	1	1	
1	0	1	01010000	1	11	0	1	0	
1	0	1	01010000	1	11	0	1	1	
0	0	1	01010000	1	11	0	1	0	
0	0	1	01010000	1	11	0	1	1	
1	0	1	01010000	1	11	0	1	0	
1	0	1	01010000	1	11	0	1	1	
0	0	1	01010000	1	11	0	1	0	
0	0	1	01010000	1	11	0	1	1	
1	0	1	01010000	1	11	0	1	0	
1	0	1	01010000	1	11	0	1	1	
0	0	1	01010000	1	11	0	1	0	
0	0	1	01010000	1	11	0	1	1	
1	0	1	01010000	1	11	0	1	0	
1	0	1	01010000	1	11	0	1	1	
0	0	1	01010000	1	11	0	1	0	
0	0	1	01010000	1	11	0	1	1	
1	1	1	01010000	1	11	0	1	0	
1	1	1	01010000	1	11	0	1	1	
0	1	1	01010000	1	11	0	1	0	
0	1	1	01010000	1	11	0	1	1	
1	0	1	00101000	1	11	0	1	0	
1	0	1	00101000	1	11	0	1	1	
0	0	1	00101000	1	10	0	1	0	
0	0	1	00101000	1	10	0	1	1	
1	0	1	00101000	1	10	0	1	0	
1	0	1	00101000	1	10	0	1	1	
0	0	1	00101000	1	10	0	1	0	
0	0	1	00101000	1	10	0	1	1	
1	0	1	00101000	1	10	0	1	0	
1	0	1	00101000	1	10	0	1	1	
0	0	1	00101000	1	10	0	1	0	
0	0	1	00101000	1	10	0	1	1	
1	0	1	00101000	1	10	0	1	0	
1	0	1	00101000	1	10	0	1	1	
0	0	1	00101000	1	10	0	1	0	
0	0	1	00101000	1	10	0	1	1	
1	0	1	00101000	1	10	0	1	0	
1	0	1	00101000	1	10	0	1	1	
0	0	1	00101000	1	10	0	1	0	
0	0	1	00101000	1	10	0	1	1	
1	0	1	00101000	1	10	0	1	0	
1	0	1	00101000	1	10	0	1	1	
0	0	1	00101000	1	10	0	1	0	
0	0	1	00101000	1	10	0	1	1	
1	0	1	00101000	1	10	0	1	0	
1	0	1	00101000	1	10	0	1	1	
0	0	1	00101000	1	10	0	1	0	
0	0	1	00101000	1	10	0	1	1	
1	0	1	00101000	1	10	0	1	0	
1	0	1	00101000	1	10	0	1	1	
0	0	1	00101000	1	10	0	1	0	
0	0	1	00101000	1	10	0	1	1	
1	1	1	00101000	1	10	0	1	0	
1	1	1	00101000	1	10	0	1	1	
0	1	1	00101000	1	10	0	1	0	
0	1	1	00101000	1	10	0	1	1	
1	0	1	00010100	1	10	0	1	0	
1	0	1	00010100	1	10	0	1	1	
0	0	1	00010100	1	10	0	1	0	
0	0	1	00010100	1	10	0	1	1	
1	0	1	00010100	1	10	0	1	0	
1	0	1	00010100	1	10	0	1	1	
0	0	1	00010100	1	10	0	1	0	
0	0	1	00010100	1	10	0	1	1	
1	0	1	00010100	1	10	0	1	0	
1	0	1	00010100	1	10	0	1	1	
0	0	1	00010100	1	10	0	1	0	
0	0	1	00010100	1	10	0	1	1	
1	0	1	00010100	1	10	0	1	0	
1	0	1	00010100	1	10	0	1	1	
0	0	1	00010100	1	10	0	1	0	
0	0	1	00010100	1	10	0	1	1	
1	0	1	00010100	1	10	0	1	0	
1	0	1	00010100	1	10	0	1	1	
0	0	1	00010100	1	10	0	1	0	
0	0	1	00010100	1	10	0	1	1	
1	0	1	00010100	1	10	0	1	0	
1	0	1	00010100	1	10	0	1	1	
0	0	1	00010100	1	10	0	1	0	
0	0	1	00010100	1	10	0	1	1	
1	1	1	00010100	1	10	0	1	0	
1	1	1	00010100	1	10	0	1	1	
0	1	1	00010100	1	10	0	1	0	
0	1	1	00010100	1	10	0	1	1	
1	0	1	00001010	1	10	0	1	0	
1	0	1	00001010	1	10	0	1	1	
0	0	1	00001010	1	10	0	1	0	
0	0	1	00001010	1	10	0	1	1	
1	0	1	00001010	1	10	0	1	0	
1	0	1	00001010	1	10	0	1	1	
0	0	1	00001010	1	10	0	1	0	
0	0	1	00001010	1	10	0	1	1	
1	0	1	00001010	1	10	0	1	0	
1	0	1	00001010	1	10	0	1	1	
0	0	1	00001010	1	10	0	1	0	
0	0	1	00001010	1	10	0	1	1	
1	0	1	00001010	1	10	0	1	0	
1	0	1	00001010	1	10	0	1	1	
0	0	1	00001010	1	10	0	1	0	
0	0	1	00001010	1	10	0	1	1	
1	0	1	00001010	1	10	0	1	0	
1	0	1	00001010	1	10	0	1	1	
0	0	1	00001010	1	10	0	1	0	
0	0	1	00001010	1	10	0	1	1	
1	0	1	00001010	1	10	0	1	0	
1	0	1	00001010	1	10	0	1	1	
0	0	1	00001010	1	10	0	1	0	
0	0	1	00001010	1	10	0	1	1	
1	1	1	00001010	1	10	0	1	0	
1	1	1	00001010	1	10	0	1	1	
0	1	1	00001010	1	10	0	1	0	
0	1	1	00001010	1	10	0	1	1	
1	0	1	00000101	1	10	0	1	0	
1	0	1	00000101	1	10	0	1	1	
0	0	1	00000101	1	10	0	1	0	
0	0	1	00000101	1	10	0	1	1	
1	0	1	00000101	1	10	0	1	0	
1	0	1	00000101	1	10	0	1	1	
0	0	1	00000101	1	10	0	1	0	
0	0	1	00000101	1	10	0	1	1	
1	0	1	00000101	1	10	0	1	0	
1	0	1	00000101	1	10	0	1	1	
0	0	1	00000101	1	10	0	1	0	
0	0	1	00000101	1	10	0	1	1	
1	0	1	00000101	1	10	0	1	0	
1	0	1	00000101	1	10	0	1	1	
0	0	1	00000101	1	10	0	1	0	
0	0	1	00000101	1	10	0	1	1	
1	0	1	00000101	1	10	0	1	0	
1	0	1	00000101	1	10	0	1	1	
0	0	1	00000101	1	10	0	1	0	
0	0	1	00000101	1	10	0	1	1	
1	0	1	00000101	1	10	0	1	0	
1	0	1	00000101	1	10	0	1	1	
0	0	1	00000101	1	10	0	1	0	
0	0	1	00000101	1	10	0	1	1	
1	1	1	00000101	1	10	0	1	0	
1	1	1	00000101	1	10	0	1	1	
0	1	1	00000101	1	10	0	1	0	
0	1	1	00000101	1	10	0	1	1	
1	0	1	10000010	1	10	0	1	0	
1	0	1	10000010	1	10	0	1	1	
0	0	1	00000000	1	10	0	0	0	
0	0	1	00000000	1	10	0	0	1	
1	0	1	00000000	1	10	0	0	0	
1	0	1	00000000	1	10	0	0	1	
0	0	1	00000000	1	10	0	0	0	
0	0	1	00000000	1	10	0	0	1	
1	0	1	00000000	1	10	0	0	0	
1	0	1	00000000	1	10	0	0	1	
0	0	1	00000000	1	10	0	0	0	
0	0	1	00000000	1	10	0	0	1	
1	0	1	00000000	1	10	0	1	0	
1	0	1	00000000	1	10	0	1	1	
0	0	1	00000000	1	10	0	1	0	
0	0	1	00000000	1	10	0	1	1	
1	0	1	00000000	1	10	0	1	0	
1	0	1	00000000	1	10	0	1	1	
0	0	1	00000000	1	10	0	1	0	
0	0	1	00000000	1	10	0	1	1	
1	0	1	00000000	1	10	0	1	0	
1	0	1	00000000	1	10	0	1	1	
0	0	1	00000000	1	10	0	1	0	
0	0	1	00000000	1	10	0	1	1	
1	0	1	00000000	1	10	0	1	0	
1	0	1	00000000	1	10	0	1	1	
0	0	1	00000000	1	10	0	1	0	
0	0	1	00000000	1	10	0	1	1	
1	0	1	00000000	1	10	0	1	0	
1	0	1	00000000	1	10	0	1	1	
0	0	1	00000000	1	10	0	1	0	
0	0	1	00000000	1	10	0	1	1	
1	0	1	00000000	1	10	0	1	0	
1	0	1	00000000	1	10	0	1	1	
0	0	1	00000000	1	10	0	1	0	
0	0	1	00000000	1	10	0	1	1	
1	1	1	00000000	1	10	0	1	0	
1	1	1	00000000	1	10	0	1	1	
0	1	1	00000000	1	10	0	1	0	
0	1	1	00000000	1	10	0	1	1	
1	0	1	00000000	1	10	0	1	0	
1	0	1	00000000	1	10	0	1	1	
0	0	1	00000000	1	10	0	1	0	
0	0	1	00000000	1	10	0	1	1	
1	0	1	00000000	1	10	0	1	0	
